shape=CU	N=63
POPSIZE=100	pc=0.800000	pm=0.001500
Pt=0.476	Pd=0.524	
Pt=30	Pd=33	
best=-256.455034	worst=-255.584547
